
17  16  15  14  13
18   5   4   3  12
19   6   1   2  11
20   7   8   9  10
21  22  23  24  25

 4   3   2
 5       1
 6   7   8

Size: 5 Radius: 2
 8   7   6   5   4
 9               3
10               2
11               1
12  13  14  15  16

Size: 7 Radius: 3
12  11  10   9   8   7   6 3
13                       5 2
14                       4 1
15                       3 0
16                       2 1
17                       1 2
18  19  20  21  22  23  24


Start:  1  2  3  4  5  6  7  8  9 10 11 12 13 14
Mod 6:  1  2  3  4  5  0  1  2  3  4  5  0  1  2
sub 3: -2 -1  0  1  2 -3 -2 -1  0  1  2 -3 -2 -1
abs  :  2  1  0  1  2  3  2  1  0  1  2  3  2  1

3-ring
Start:  1  2  3  4  5  6  7  8  9 10 11 12 13 14
sub 1:  0  1  2  3  4  5  6
Mod 2:  0  1  0  1  0  1  0
sub 0:  0  1  0  1  0  1  0

5-ring
Start:  1  2  3  4  5  6  7  8  9 10 11 12 13 14
sub 1:  0  1  2  3  4  5  6
Mod 4:  0  1  2  3  0  1  2
sub 1: -1  0  1  2 -1  0  1
target:-1  0  1  2  1  0 -1 -2

7-ring
Start:  1  2  3  4  5  6  7  8  9 10 11 12 13 14
sub 1:  0  1  2  3  4  5  6
Mod 6:  0  1  2  3  4  5  0
sub 2: -2 -1  0  1  2  3 -2

9-ring
Start:  1  2  3  4  5  6  7  8  9 10 11 12 13 14
sub 1:  0  1  2  3  4  5  6  7  8  9 10 11 12
Mod 8:  0  1  2  3  4  5  7  0  1  2  3
sub 3: -3 -2 -1  0  1  2  3 -4 -3 -2

